# elements: Ag Bi O
# columns: frequency Ag Bi O
     -3.2706580672       0.0000000000       0.0000000000       0.0000000000
     -3.1494193354       0.0000000000       0.0000000000       0.0000000000
     -3.0281806037       0.0000000000       0.0000000000       0.0000000000
     -2.9069418719       0.0000000000       0.0000000000       0.0000000000
     -2.7857031402       0.0000000000       0.0000000000       0.0000000000
     -2.6644644084       0.0000000000       0.0000000000       0.0000000000
     -2.5432256767       0.0000000000       0.0000000000       0.0000000000
     -2.4219869449       0.0000000000       0.0000000000       0.0000000000
     -2.3007482132       0.0000000000       0.0000000000       0.0000000000
     -2.1795094815       0.0000000000       0.0000000000       0.0000000000
     -2.0582707497       0.0000000000       0.0000000000       0.0000000000
     -1.9370320180       0.0000000000       0.0000000000       0.0000000000
     -1.8157932862       0.0000000000       0.0000000000       0.0000000000
     -1.6945545545       0.0000000000       0.0000000000       0.0000000000
     -1.5733158227       0.0000000000       0.0000000000       0.0000000000
     -1.4520770910       0.0000000000       0.0000000000       0.0000000000
     -1.3308383592       0.0000000000       0.0000000000       0.0000000000
     -1.2095996275       0.1636724208       0.0599379506       0.0325846107
     -1.0883608958       0.1822580630       0.0666867329       0.0348340495
     -0.9671221640       0.1872781746       0.0658350099       0.0318715057
     -0.8458834323       0.1784228535       0.0596583727       0.0271446486
     -0.7246447005       0.1856954310       0.0579594639       0.0252753744
     -0.6034059688       0.1593251953       0.0482864671       0.0203378366
     -0.4821672370       0.1166884979       0.0350521335       0.0142155091
     -0.3609285053       0.0990842076       0.0373320811       0.0116682876
     -0.2396897735       0.0870544361       0.0328064837       0.0099543605
     -0.1184510418       0.0828109833       0.0300602805       0.0091486047
      0.0027876899       0.0837651510       0.0309485948       0.0090094618
      0.1240264217       0.0934707797       0.0470765762       0.0113020543
      0.2452651534       0.1165391368       0.0867241379       0.0173733792
      0.3665038852       0.1691726753       0.1613144268       0.0296403684
      0.4877426169       0.2625428552       0.2841303715       0.0507293126
      0.6089813487       0.3829365382       0.4469407231       0.0780508622
      0.7302200804       0.6365248985       0.6599002119       0.1188109544
      0.8514588122       1.0290908911       0.8748583551       0.1607055462
      0.9726975439       1.7176785735       1.0750555049       0.1983140361
      1.0939362757       1.2207531379       0.8526004427       0.1558292300
      1.2151750074       1.5251627718       0.8752562477       0.1616965903
      1.3364137391       3.5102200227       1.3100817666       0.2412504362
      1.4576524709       4.1478091523       1.1218093786       0.2703640481
      1.5788912026       2.2276493082       1.0208077953       0.1188542273
      1.7001299344       3.5694384945       1.4667514556       0.1904398776
      1.8213686661       2.9733603988       1.3953486015       0.1517413987
      1.9426073979       2.1176457101       1.5186671094       0.0839485525
      2.0638461296       3.2510608690       2.4331786858       0.1123715967
      2.1850848614       1.7571367793       2.7482297417       0.0977289126
      2.3063235931       1.1202968820       2.5314767747       0.0972227678
      2.4275623248       0.5182908785       1.6901428299       0.0882522362
      2.5488010566       0.3292821368       1.6993624202       0.1046958882
      2.6700397883       0.3784135437       1.7890986124       0.1282269402
      2.7912785201       0.3023320532       1.7172461382       0.1196178061
      2.9125172518       0.2531928909       1.2168917384       0.1029975932
      3.0337559836       0.1692774821       1.0182459063       0.0851901184
      3.1549947153       0.3377816491       1.0420112961       0.1513113787
      3.2762334471       0.2865805830       0.9546263585       0.1619804531
      3.3974721788       0.3489491829       1.0167991194       0.2185081255
      3.5187109105       0.3430176451       0.9423926468       0.2519414627
      3.6399496423       0.2602078057       0.7487146972       0.2601089508
      3.7611883740       0.2383673827       0.6797033199       0.2748368411
      3.8824271058       0.2346129460       0.7207144540       0.3170937106
      4.0036658375       0.4051920648       1.4314838056       0.5826851751
      4.1249045693       0.2670926884       0.7254752759       0.4120662660
      4.2461433010       0.4040107693       0.6588208549       0.8793464823
      4.3673820328       0.4208267036       0.4586939834       0.7360482157
      4.4886207645       0.3812875354       0.4856983244       0.8065388909
      4.6098594962       0.6978729912       0.8281439187       1.2645692864
      4.7310982280       0.4339661623       0.6838978755       0.7261602499
      4.8523369597       0.4908886655       0.6409636558       0.8538764572
      4.9735756915       0.7356160173       0.6355079455       0.8352596597
      5.0948144232       0.9114810059       0.5552081415       0.8397025172
      5.2160531550       1.1718020672       1.0362972531       1.2079663203
      5.3372918867       1.2809918771       1.1274427699       1.2297700933
      5.4585306185       0.4994048331       0.6043612469       0.7885716831
      5.5797693502       0.4398141830       0.6364202356       0.8626424234
      5.7010080819       0.1679301299       0.1558974675       0.6661424859
      5.8222468137       0.1399627057       0.1040714773       0.6735023522
      5.9434855454       0.1698659357       0.1188044804       0.8860329574
      6.0647242772       0.1779458130       0.1446712657       1.1119750478
      6.1859630089       0.1543643620       0.1712794908       1.3308080383
      6.3072017407       0.1269743389       0.1408169638       1.2759562083
      6.4284404724       0.0992700909       0.0919573895       1.0274248762
      6.5496792042       0.0527718423       0.0536220058       0.4757355301
      6.6709179359       0.0621844216       0.0579580704       0.9073937088
      6.7921566677       0.0906230112       0.0902535412       1.2859720974
      6.9133953994       0.0794940668       0.0716500428       1.3346529613
      7.0346341311       0.0357204051       0.0384794115       0.8728705232
      7.1558728629       0.0300186219       0.0353162358       0.8360822931
      7.2771115946       0.0285983664       0.0365082201       0.9092591572
      7.3983503264       0.0250819159       0.0326239299       0.8833281291
      7.5195890581       0.0218031029       0.0249667655       0.8056927250
      7.6408277899       0.0222446445       0.0240072245       0.8934259376
      7.7620665216       0.0201930089       0.0210813129       0.8167360135
      7.8833052534       0.0184743882       0.0189076771       0.7383285166
      8.0045439851       0.0158774383       0.0175067176       0.6443694487
      8.1257827168       0.0122284733       0.0138632923       0.5025931717
      8.2470214486       0.0087377497       0.0093112349       0.2877273346
      8.3682601803       0.0099487610       0.0086148092       0.3336594937
      8.4894989121       0.0143689244       0.0086015949       0.4944381205
      8.6107376438       0.0152897816       0.0081346565       0.7196032411
      8.7319763756       0.0148698232       0.0069410585       0.8003378578
      8.8532151073       0.0121981937       0.0055881021       0.7780335645
      8.9744538391       0.0121185476       0.0066472456       0.9060869959
      9.0956925708       0.0170992533       0.0143975567       1.5105789294
      9.2169313025       0.0163058493       0.0104558435       1.0472636187
      9.3381700343       0.0075039688       0.0100856546       0.6065868942
      9.4594087660       0.0060888898       0.0113071749       0.5169281538
      9.5806474978       0.0062463866       0.0125240585       0.6083177291
      9.7018862295       0.0089453717       0.0154928901       0.8270216969
      9.8231249613       0.0136679144       0.0181693505       0.9287500872
      9.9443636930       0.0230853053       0.0270893358       1.3419929267
     10.0656024248       0.0293034009       0.0305696522       1.5099944500
     10.1868411565       0.0302334656       0.0303485244       1.5007991239
     10.3080798882       0.0308823657       0.0174035597       1.0566064391
     10.4293186200       0.0304060044       0.0134593170       0.9575296044
     10.5505573517       0.0182134894       0.0078709812       0.5546285622
     10.6717960835       0.0046105820       0.0019172086       0.3333678986
     10.7930348152       0.0067807588       0.0024952125       0.4237488686
     10.9142735470       0.0101564479       0.0035156570       0.4776896631
     11.0355122787       0.0131409613       0.0045453828       0.5403330774
     11.1567510105       0.0104710217       0.0053554873       0.5131306052
     11.2779897422       0.0101723802       0.0074500333       0.5720246177
     11.3992284739       0.0115883663       0.0134734287       0.8063275270
     11.5204672057       0.0059024206       0.0145576209       0.6547099190
     11.6417059374       0.0049226020       0.0167932976       0.7252686511
     11.7629446692       0.0059279832       0.0203638941       1.0197819013
     11.8841834009       0.0065065743       0.0185070706       0.8564910158
     12.0054221327       0.0064562468       0.0162286766       0.7171262258
     12.1266608644       0.0210052324       0.0243597439       1.3966238261
     12.2478995962       0.0172001118       0.0196388943       0.9247530960
     12.3691383279       0.0164049803       0.0196836304       0.9065516266
     12.4903770597       0.0168407663       0.0201456683       0.8411366219
     12.6116157914       0.0165150330       0.0174822103       0.6836509120
     12.7328545231       0.0151938580       0.0149372377       0.5507850877
     12.8540932549       0.0120112120       0.0124840568       0.4168269974
     12.9753319866       0.0104376792       0.0109843948       0.3421587013
     13.0965707184       0.0095737781       0.0100928473       0.2961277168
     13.2178094501       0.0088579912       0.0092706460       0.2584437089
     13.3390481819       0.0084056438       0.0087726907       0.2322024170
     13.4602869136       0.0081440166       0.0083760305       0.2114039064
     13.5815256454       0.0082882826       0.0084404591       0.2020325746
     13.7027643771       0.0095554376       0.0095234525       0.2140881226
     13.8240031088       0.0087569289       0.0086680621       0.1920031528
     13.9452418406       0.0010408307       0.0012096854       0.0234502628
     14.0664805723       0.0000939862       0.0001031694       0.0019880550
     14.1877193041       0.0000003803       0.0000004826       0.0000093661
     14.3089580358       0.0000000000       0.0000000000       0.0000000000
     14.4301967676       0.0016534692       0.0077374911       1.1701994663
     14.5514354993       0.0025332163       0.0054243339       0.8390109908
     14.6726742311       0.0016399539       0.0036068920       0.5647144614
     14.7939129628       0.0015243555       0.0030357518       0.4758091468
     14.9151516945       0.0014978866       0.0027617435       0.4275701469
     15.0363904263       0.0016157077       0.0026269738       0.4052393442
     15.1576291580       0.0018286722       0.0025894735       0.3990245287
     15.2788678898       0.0336057846       0.0031022793       0.6431691045
     15.4001066215       0.2025127655       0.0061043749       1.8365572266
     15.5213453533       0.1067202157       0.0051704519       1.3652632255
     15.6425840850       0.0937368515       0.0051764557       1.2718800264
     15.7638228168       0.0866630834       0.0055830754       1.2344728988
     15.8850615485       0.0643451521       0.0054009513       1.0271897500
     16.0063002802       0.0478852594       0.0024044070       0.5440950333
     16.1275390120       0.0435415886       0.0022483082       0.4883980487
     16.2487777437       0.0441457307       0.0028694545       0.5501545983
     16.3700164755       0.0539730220       0.0204983235       1.8253772093
     16.4912552072       0.0580061531       0.0210920110       1.9524798545
     16.6124939390       0.0497647249       0.0145300007       1.2844688304
     16.7337326707       0.0456545783       0.0127334956       1.0624400156
     16.8549714025       0.0352432281       0.0114094155       0.8274716106
     16.9762101342       0.0288676243       0.0092204254       0.5973916009
     17.0974488659       0.0429454844       0.0110425238       0.6569115320
     17.2186875977       0.0586718732       0.0115614339       0.8522345045
     17.3399263294       0.0838480684       0.0127313088       1.1031180753
     17.4611650612       0.1387402759       0.0148753981       1.5711078244
     17.5824037929       0.1449896373       0.0138547168       1.5531626694
     17.7036425247       0.0929810718       0.0082160423       0.9948578335
     17.8248812564       0.0724979547       0.0047775786       0.7119108968
     17.9461199882       0.0610335946       0.0036609916       0.5837277671
     18.0673587199       0.0533914456       0.0032475458       0.5100157816
     18.1885974516       0.0482612435       0.0029651900       0.4592713865
     18.3098361834       0.0352472264       0.0022902385       0.3299457308
     18.4310749151       0.0253531643       0.0017464512       0.2333999453
     18.5523136469       0.0168513893       0.0013332064       0.1548813681
     18.6735523786       0.0023212018       0.0004035095       0.0238563938
     18.7947911104       0.0005389783       0.0001128847       0.0057461719
     18.9160298421       0.0000252699       0.0000059811       0.0002759667
     19.0372685739       0.0000000000       0.0000000000       0.0000000000
     19.1585073056       0.0000000000       0.0000000000       0.0000000000
     19.2797460374       0.0000000000       0.0000000000       0.0000000000
     19.4009847691       0.0000000000       0.0000000000       0.0000000000
     19.5222235008       0.0000000000       0.0000000000       0.0000000000
     19.6434622326       0.0000000000       0.0000000000       0.0000000000
     19.7647009643       0.0000000000       0.0000000000       0.0000000000
     19.8859396961       0.0000000000       0.0000000000       0.0000000000
     20.0071784278       0.0000000000       0.0000000000       0.0000000000
     20.1284171596       0.0000000000       0.0000000000       0.0000000000
     20.2496558913       0.0000000000       0.0000000000       0.0000000000
     20.3708946231       0.0000000000       0.0000000000       0.0000000000
     20.4921333548       0.0000000000       0.0000000000       0.0000000000
     20.6133720865       0.0000000000       0.0000000000       0.0000000000
     20.7346108183       0.0000000000       0.0000000000       0.0000000000
     20.8558495500       0.0000000000       0.0000000000       0.0000000000
     20.9770882818       0.0000000000       0.0000000000       0.0000000000
